2310558
2099289
33305
445576
1643703
1890165
2451696
2448451
2436135
2422376
545734
545676
1356805
545688
545672
1744268
817727
8143
1967545
1262969
2153892
8124
1679869
1192810
1180706
1190266
1194853
545690
545726
545708
546698
545744
545722
545716
545700
657248
560645
629752
71337
860373
2343636
681651
2075408
2305382
2103959
2176508
2326002
2313738
1366859
652920
1440596
1519050
649570
1508609
2328658
2428117
2422404
2422405
2422391
2422573
2422572
2393890
1457212
2428266
1562987
2393889
2429095
1521070
2467870
2467869
2422570
2467862
2428274
2422403